CLUSTER QUEUE                   CQLOAD   USED    RES  AVAIL  TOTAL aoACDS  cdsuE
--------------------------------------------------------------------------------
dev.q                             0.40   3776      0   3232  10240      0   3280
interact.q                        0.00      2      0    350    352      0      0
long.q                            0.47      0      0    640    640      0      0
lunar.q                           0.38    933      0   2907   3840      0      0
lunarhp.q                         0.38      5      0   3835   3840      0      0
re.q                              0.40      0      0   6320   7680      0   1360
snake.q                           0.00      0      0     88     88      0      0
snaked.q                          0.00      5      0    175    180      0      0
special.q                         0.00      0      0    352    352      0      0
sqa.q                             0.00     68      0   1340   1408      0      0
tissue.q                          0.43      0      0    880    960      0     80
