CLUSTER QUEUE                   CQLOAD   USED    RES  AVAIL  TOTAL aoACDS  cdsuE  
--------------------------------------------------------------------------------
dev.q                             0.08     54      0   6954  10240      0   3280 
interact.q                        0.00     22      0    330    352      0      0 
long.q                            0.00      0      0    640    640      0      0 
lunar.q                           0.14     59      0   3702   3840      0     80 
lunarhp.q                         0.14    730      0   3110   3840      0      0 
re.q                              0.08      0      0   6320   7680      0   1360 
snake.q                           0.01      0      0     88     88      0      0 
snaked.q                          0.01      6      0    174    180      0      0 
special.q                         0.00      0      0    352    352      0      0 
sqa.q                             0.10    100      0   1308   1408      0      0 
tissue.q                          0.00      0      0    880    960      0     80 
